9.99709
1.83326
3.1177
9.40584
2.60223
4.41722
9.52147
7.12259
4.86437
7.07361
7.29857
6.15854
3.38477
7.79889
4.6813
1.89697
4.35367
3.86395
2.49212
2.39782
0.341372
3.5095
2.18454
9.36663
5.27752
8.85559
6.23649
4.51465
5.07049
2.05121
3.23686
1.32124
0.708032
6.04026
6.91005
5.91657
6.78026
1.12056
6.61576
1.21325
1.45441
4.5431
2.33737
3.17287
0.935992
1.44182
4.93556
0.926368
3.2004
8.78041
2.55237
4.08759
1.58371
3.90952
6.47712
1.92058
4.1396
0.510187
3.35265
4.57209
2.05263
4.61032
7.08301
3.71213
1.80962
4.2554
5.81204
6.37197
6.60371
4.3736
1.01401
3.54364
1.07147
4.11468
4.34805
4.01575
7.49655
5.77578
9.77985
3.73828
8.09608
1.58454
7.12011
8.08401
3.8571
5.74595
3.59463
0.51956
5.64612
5.14171
4.51675
6.89186
1.62667
0.476051
3.34882
1.36887
2.71514
3.79985
4.13555
5.49753
6.00031
4.09208
5.02225
6.81352
5.97542
6.46395
1.0821
1.38341
0.64141
7.97521
1.41273
3.38556
2.03189
1.60053
6.22372
6.45734
2.14919
4.11352
9.60005
8.5164
1.47283
4.41357
3.76291
8.88002
2.01041
6.39483
5.75626
9.81608
4.13898
7.80265
9.94199
4.87879
2.86045
5.93698
5.23365
2.88917
2.15583
4.16811
1.67974
9.96313
1.37023
6.07867
0.312787
3.85071
8.06345
3.12836
5.61401
2.65409
3.96824
6.37322
8.27967
6.05299
0.915825
1.35974
4.37803
7.5004
4.33048
9.36236
9.78395
3.51624
2.28012
3.57016
6.10123
6.42999
5.61101
1.12451
7.36959
7.02442
2.70514
2.93394
9.55966
4.03929
3.52617
0.00280768
8.52403
0.0422354
1.8663
0.133024
5.572
6.96129
5.65463
9.61478
4.50347
4.7703
4.26471
6.77068
5.27782
6.43048
9.48146
0.266199
3.0951
8.53174
3.25968
3.41308
3.27266
9.33731
8.29093
7.22433
4.84732
3.95506
2.38868
0.856832
3.18166
0.222611
2.70631
3.82021
4.22351
3.75901
4.1359
1.32673
7.81044
1.85557
3.11692
1.94324
9.27801
6.40967
1.50453
2.8487
3.90419
3.73127
6.92066
3.07432
6.55164
4.52766
1.33245
1.70266
6.41522
6.85657
9.77096
6.58776
5.03503
6.40818
9.49756
5.47982
7.41685
9.02769
6.16216
6.29738
5.25843
9.47154
1.83341
3.51957
9.45787
1.23406
5.71613
9.51405
9.83394
0.796034
4.54255
6.40706
4.99519
5.35535
6.52971
4.27119
5.21568
0.820255
5.92934
3.83809
2.48428
0.0251152
4.49291
2.15272
0.250555
8.91506
7.0587
4.16142
4.00703
7.3089
4.12171
2.14898
5.24674
1.49318
3.40066
4.43067
9.31457
9.25668
0.828921
5.63905
4.64039
5.77637
1.47019
6.00746
1.50962
6.09428
2.95402
3.80413
5.39088
6.28308
5.0055
0.219493
2.07439
9.90075
5.20944
5.92367
5.44247
4.64445
3.49043
3.88897
8.69423
7.42845
5.48948
0.278257
0.137952
6.60659
2.96169
7.03701
9.99969
7.18433
4.4171
8.01605
5.75517
8.90294
0.63587
7.06376
3.77174
0.414131
7.48149
8.1697
3.58442
0.921001
2.5027
1.71586
3.91394
4.7859
7.88108
0.458883
1.32664
5.22583
8.11352
2.30224
2.67909
9.96544
2.88784
8.78527
8.27667
3.31683
0.375439
6.69626
2.17855
4.59399
0.242454
6.31716
7.90196
7.83131
4.39369
4.8405
7.53382
3.52479
6.61567
4.0533
8.03338
9.38797
5.0107
6.74211
3.78435
6.04266
0.513969
1.74963
8.70985
6.86669
9.56863
4.07872
1.48579
4.1309
4.29976
3.96408
3.06842
3.08049
9.48933
7.79837
9.64564
9.99688
9.40538
2.784
0.0754533
4.16258
6.33197
4.49894
0.236424
8.10678
1.2215
1.04826
8.76445
4.16978
8.95239
5.00252
7.29284
7.92434
4.79828
0.620453
0.607518
8.86553
1.65319
4.4013
0.757382
3.10462
9.24433
4.58094
5.11123
7.75736
6.01508
3.33699
0.537983
2.81976
6.78021
6.29759
5.55891
1.66855
7.69589
6.23326
8.36042
7.86788
0.800606
0.774156
8.76739
7.27722
0.791227
8.33557
7.47202
6.45403
2.63386
4.26451
9.28469
6.22954
4.25276
8.73764
5.21967
0.339497
7.38197
3.58693
5.6019
2.44632
5.99115
5.18476
7.77534
9.57615
3.91727
9.96121
7.14105
4.18444
3.88357
1.38855
4.79504
8.12497
9.07355
8.03751
4.16961
2.97289
6.22338
7.37641
6.24104
4.55493
8.14493
5.75099
4.23958
5.01215
3.71109
6.13227
9.06641
3.05784
1.36406
9.61939
6.59519
4.15562
5.83857
3.72604
2.67336
3.26724
6.74028
0.534249
4.47027
0.914377
1.37309
9.92238
3.64665
7.35394
8.9208
3.8854
7.94216
3.60888
2.96368
3.72107
7.21274
5.36414
4.4482
6.3255
3.47415
8.35641
8.11373
1.79589
3.43335
9.43929
1.0733
2.59525
8.43138
3.67417
9.82944
0.359832
8.07174
4.65736
4.44811
9.59463
9.55135
6.41938
8.43341
4.22913
3.50183
0.665631
4.20741
2.44422
3.58774
4.96142
3.3992
8.79563
4.45261
2.86632
9.65113
8.99436
2.54796
3.47096
3.15376
1.60376
1.11725
2.16414
3.33058
8.553
3.85735
7.62173
2.25936
9.84781
8.68181
1.23632
3.6417
5.01993
6.51933
5.99177
3.69501
0.887467
2.25941
6.81501
7.12313
7.38514
2.75112
6.264
8.72826
3.71722
4.7854
4.54645
3.37675
5.75252
0.223984
6.35792
4.07596
2.61513
9.86068
3.31675
4.48549
7.17108
8.78288
0.509612
4.06304
2.55084
4.41103
1.85279
1.01063
3.81818
0.268228
3.48394
4.78244
4.36129
8.62127
4.22713
4.50498
3.88583
8.71853
7.02991
1.22568
3.89562
8.22845
8.04418
9.28716
2.75269
5.94534
4.47609
0.82655
7.52582
0.473901
6.63657
9.33069
6.63017
7.48781
2.16874
0.0779322
8.23305
9.09213
2.71528
2.13906
7.01882
1.8514
9.89092
9.80698
6.14203
0.211266
7.29466
3.66173
4.59429
7.06176
5.14756
3.17413
3.99189
9.7868
3.71151
4.66624
8.24684
9.64127
2.89092
4.37209
4.11931
3.79032
2.28476
4.96993
2.85673
4.96268
8.54245
2.70612
1.76798
2.4543
1.30851
7.17562
1.78128
4.35911
4.91544
8.6381
0.192929
4.89259
3.40205
7.62336
8.55644
7.05715
1.03905
3.27622
5.91626
5.1866
6.76816
5.9971
2.58929
9.68148
9.61918
3.19823
1.97249
3.36448
9.82728
5.15256
8.24976
1.62536
4.25437
5.58816
2.07187
3.56993
5.57175
8.17918
2.0951
0.340688
3.32305
1.40988
3.00442
8.5839
3.73874
8.80977
3.95233
8.67074
6.0383
2.66031
4.76064
3.21375
1.06142
9.26334
1.3693
3.61329
0.754274
5.97356
6.53901
3.5187
3.76053
3.3719
4.85199
1.10949
4.45593
3.47715
6.73345
8.66871
3.86784
8.35975
4.27825
4.7451
4.4759
2.9792
5.31205
0.645394
9.5424
7.42769
0.480724
4.51333
0.588484
5.08015
9.55394
5.72191
4.75905
6.60415
2.0948
5.00209
6.24275
1.71872
9.42327
2.10226
5.28388
8.32353
1.20259
6.35237
7.70483
6.14739
0.105213
2.32044
5.90858
0.430512
6.37317
6.37551
6.30536
3.88658
6.19185
5.87416
9.57377
9.91798
1.11796
0.764024
4.0542
9.40409
6.7177
4.29742
0.504557
7.1707
6.38061
2.37249
3.89882
9.4787
0.325246
9.27716
8.27746
6.20494
8.51356
6.0879
4.21078
3.30635
3.62787
3.09085
2.6501
0.303878
6.08456
6.75905
5.72319
1.41161
4.21069
9.12597
1.3599
3.92875
2.90504
7.51126
6.26211
0.30147
4.46174
9.04415
6.6693
5.81614
5.2601
5.82688
6.96623
5.96367
4.27783
5.65986
2.8457
7.84705
2.5729
4.19679
8.58473
2.28131
4.71585
1.42375
5.27173
2.92104
2.33725
4.9903
8.32771
4.63098
5.04587
6.24307
9.98846
2.00611
1.31371
0.770014
5.75445
3.3763
8.7602
7.82223
4.07652
4.72439
4.21
5.84472
5.13341
9.53705
8.96528
6.63411
3.77665
6.44166
2.22876
5.69477
3.98461
8.01479
7.24944
6.65886
3.70209
7.97201
7.20447
0.548819
4.75852
5.68744
3.00967
7.75881
2.64063
8.91728
2.88998
2.15295
0.139657
8.35042
5.7353
8.37797
1.57666
8.56732
6.72348
1.04252
0.233511
7.55394
0.338528
4.55996
0.91852
7.45105
8.56607
8.64995
8.68926
8.56438
4.24685
8.90054
4.94084
0.630055
5.40159
5.1053
7.48072
3.229
0.459739
3.89925
3.11463
7.82492
4.5797
6.49067
4.48569
4.22132
4.02841
0.441712
1.02626
3.87245
1.5234
9.64722
7.88073
3.45814
9.57236
1.1285
1.15824
3.32203
3.51045
8.40165
4.70903
5.67343
9.79247
7.72103
2.23686
4.23447
5.18021
2.41698
6.47134
3.08134
2.02259
3.89323
1.83269
7.77884
0.941294
5.92939
2.59346
5.2793
8.47284
9.24308
7.99008
4.38737
5.90804
2.04248
4.31259
3.33742
6.27302
6.87542
5.22221
4.75216
7.85322
9.85239
3.44352
5.57135
7.29424
7.6477
0.786942
4.96636
0.104636
7.57637
6.50072
9.59025
4.65431
3.65936
4.39918
4.07676
9.95843
5.51295
7.58058
9.6685
4.43721
1.06824
9.76741
1.36027
5.83929
2.18565
2.39661
0.164285
3.71616
3.55254
6.86917
3.72125
0.236697
1.48193
5.35264
7.00217
8.46544
1.54164
0.589977
3.94235
2.71071
4.33355
8.56201
4.22237
0.805502
3.3732
4.4724
7.09351
6.5653
9.80721
3.41447
7.79664
0.60169
7.14341
3.29264
1.04748
9.26326
7.15143
1.12588
6.85241
2.37061
9.58472
7.17755
7.06988
4.60266
0.982335
6.06158
0.926878
6.92695
4.79507
7.17886
8.43879
0.390484
1.04794
6.12051
9.54444
4.43165
8.42336
0.954218
6.83266
8.32234
7.96185
6.80715
3.95361
5.91044
4.71695
3.74769
3.63644
5.47803
1.09705
3.06061
